
result with 0.100 training samples each class: 

param_c: 2048.000000--param_gamma: 8.000000
classify_report : 
              precision    recall  f1-score   support

           1       0.00      0.00      0.00        41
           2       0.00      0.00      0.00      1285
           3       0.00      0.00      0.00       747
           4       0.00      0.00      0.00       213
           5       0.00      0.00      0.00       434
           6       0.00      0.00      0.00       657
           7       0.00      0.00      0.00        25
           8       0.00      0.00      0.00       430
           9       0.00      0.00      0.00        18
          10       0.00      0.00      0.00       874
          11       0.24      1.00      0.39      2209
          12       0.00      0.00      0.00       533
          13       0.00      0.00      0.00       184
          14       0.00      0.00      0.00      1138
          15       0.00      0.00      0.00       347
          16       0.00      0.00      0.00        83

   micro avg       0.24      0.24      0.24      9218
   macro avg       0.01      0.06      0.02      9218
weighted avg       0.06      0.24      0.09      9218

confusion_matrix : 
[[   0    0    0    0    0    0    0    0    0    0   41    0    0    0
     0    0]
 [   0    0    0    0    0    0    0    0    0    0 1285    0    0    0
     0    0]
 [   0    0    0    0    0    0    0    0    0    0  747    0    0    0
     0    0]
 [   0    0    0    0    0    0    0    0    0    0  213    0    0    0
     0    0]
 [   0    0    0    0    0    0    0    0    0    0  434    0    0    0
     0    0]
 [   0    0    0    0    0    0    0    0    0    0  657    0    0    0
     0    0]
 [   0    0    0    0    0    0    0    0    0    0   25    0    0    0
     0    0]
 [   0    0    0    0    0    0    0    0    0    0  430    0    0    0
     0    0]
 [   0    0    0    0    0    0    0    0    0    0   18    0    0    0
     0    0]
 [   0    0    0    0    0    0    0    0    0    0  874    0    0    0
     0    0]
 [   0    0    0    0    0    0    0    0    0    0 2209    0    0    0
     0    0]
 [   0    0    0    0    0    0    0    0    0    0  533    0    0    0
     0    0]
 [   0    0    0    0    0    0    0    0    0    0  184    0    0    0
     0    0]
 [   0    0    0    0    0    0    0    0    0    0 1138    0    0    0
     0    0]
 [   0    0    0    0    0    0    0    0    0    0  347    0    0    0
     0    0]
 [   0    0    0    0    0    0    0    0    0    0   83    0    0    0
     0    0]]
acc_for_each_class : 
[ 0.          0.          0.          0.          0.          0.          0.
  0.          0.          0.          0.23963984  0.          0.          0.
  0.          0.        ]
average_accuracy_row: 0.062500
average_accuracy_col: 0.014977
overall_accuracy: 0.239640
kappa coefficient: 0.000000
[train acc : 1.000000--test acc : 0.239640]

result with 0.100 training samples each class: 

param_c: 2048.000000--param_gamma: 8.000000
classify_report : 
              precision    recall  f1-score   support

           1       0.00      0.00      0.00        41
           2       0.00      0.00      0.00      1285
           3       0.00      0.00      0.00       747
           4       0.00      0.00      0.00       213
           5       0.00      0.00      0.00       434
           6       0.00      0.00      0.00       657
           7       0.00      0.00      0.00        25
           8       0.00      0.00      0.00       430
           9       0.00      0.00      0.00        18
          10       0.00      0.00      0.00       874
          11       0.24      1.00      0.39      2209
          12       0.00      0.00      0.00       533
          13       0.00      0.00      0.00       184
          14       0.00      0.00      0.00      1138
          15       0.00      0.00      0.00       347
          16       0.00      0.00      0.00        83

   micro avg       0.24      0.24      0.24      9218
   macro avg       0.01      0.06      0.02      9218
weighted avg       0.06      0.24      0.09      9218

confusion_matrix : 
[[   0    0    0    0    0    0    0    0    0    0   41    0    0    0
     0    0]
 [   0    0    0    0    0    0    0    0    0    0 1285    0    0    0
     0    0]
 [   0    0    0    0    0    0    0    0    0    0  747    0    0    0
     0    0]
 [   0    0    0    0    0    0    0    0    0    0  213    0    0    0
     0    0]
 [   0    0    0    0    0    0    0    0    0    0  434    0    0    0
     0    0]
 [   0    0    0    0    0    0    0    0    0    0  657    0    0    0
     0    0]
 [   0    0    0    0    0    0    0    0    0    0   25    0    0    0
     0    0]
 [   0    0    0    0    0    0    0    0    0    0  430    0    0    0
     0    0]
 [   0    0    0    0    0    0    0    0    0    0   18    0    0    0
     0    0]
 [   0    0    0    0    0    0    0    0    0    0  874    0    0    0
     0    0]
 [   0    0    0    0    0    0    0    0    0    0 2209    0    0    0
     0    0]
 [   0    0    0    0    0    0    0    0    0    0  533    0    0    0
     0    0]
 [   0    0    0    0    0    0    0    0    0    0  184    0    0    0
     0    0]
 [   0    0    0    0    0    0    0    0    0    0 1138    0    0    0
     0    0]
 [   0    0    0    0    0    0    0    0    0    0  347    0    0    0
     0    0]
 [   0    0    0    0    0    0    0    0    0    0   83    0    0    0
     0    0]]
acc_for_each_class : 
[ 0.          0.          0.          0.          0.          0.          0.
  0.          0.          0.          0.23963984  0.          0.          0.
  0.          0.        ]
average_accuracy_row: 0.062500
average_accuracy_col: 0.014977
overall_accuracy: 0.239640
kappa coefficient: 0.000000
[train acc : 1.000000--test acc : 0.239640]

result with 0.100 training samples each class: 

param_c: 2048.000000--param_gamma: 8.000000
classify_report : 
              precision    recall  f1-score   support

           1       0.00      0.00      0.00        41
           2       0.00      0.00      0.00      1285
           3       0.00      0.00      0.00       747
           4       0.00      0.00      0.00       213
           5       0.00      0.00      0.00       434
           6       0.00      0.00      0.00       657
           7       0.00      0.00      0.00        25
           8       0.00      0.00      0.00       430
           9       0.00      0.00      0.00        18
          10       0.00      0.00      0.00       874
          11       0.24      1.00      0.39      2209
          12       0.00      0.00      0.00       533
          13       0.00      0.00      0.00       184
          14       0.00      0.00      0.00      1138
          15       0.00      0.00      0.00       347
          16       0.00      0.00      0.00        83

   micro avg       0.24      0.24      0.24      9218
   macro avg       0.01      0.06      0.02      9218
weighted avg       0.06      0.24      0.09      9218

confusion_matrix : 
[[   0    0    0    0    0    0    0    0    0    0   41    0    0    0
     0    0]
 [   0    0    0    0    0    0    0    0    0    0 1285    0    0    0
     0    0]
 [   0    0    0    0    0    0    0    0    0    0  747    0    0    0
     0    0]
 [   0    0    0    0    0    0    0    0    0    0  213    0    0    0
     0    0]
 [   0    0    0    0    0    0    0    0    0    0  434    0    0    0
     0    0]
 [   0    0    0    0    0    0    0    0    0    0  657    0    0    0
     0    0]
 [   0    0    0    0    0    0    0    0    0    0   25    0    0    0
     0    0]
 [   0    0    0    0    0    0    0    0    0    0  430    0    0    0
     0    0]
 [   0    0    0    0    0    0    0    0    0    0   18    0    0    0
     0    0]
 [   0    0    0    0    0    0    0    0    0    0  874    0    0    0
     0    0]
 [   0    0    0    0    0    0    0    0    0    0 2209    0    0    0
     0    0]
 [   0    0    0    0    0    0    0    0    0    0  533    0    0    0
     0    0]
 [   0    0    0    0    0    0    0    0    0    0  184    0    0    0
     0    0]
 [   0    0    0    0    0    0    0    0    0    0 1138    0    0    0
     0    0]
 [   0    0    0    0    0    0    0    0    0    0  347    0    0    0
     0    0]
 [   0    0    0    0    0    0    0    0    0    0   83    0    0    0
     0    0]]
acc_for_each_class : 
[ 0.          0.          0.          0.          0.          0.          0.
  0.          0.          0.          0.23963984  0.          0.          0.
  0.          0.        ]
average_accuracy_row: 0.062500
average_accuracy_col: 0.014977
overall_accuracy: 0.239640
kappa coefficient: 0.000000
[train acc : 1.000000--test acc : 0.239640]

result with 0.100 training samples each class: 

param_c: 2048.000000--param_gamma: 8.000000
classify_report : 
              precision    recall  f1-score   support

           1       0.00      0.00      0.00        41
           2       0.00      0.00      0.00      1285
           3       0.00      0.00      0.00       747
           4       0.00      0.00      0.00       213
           5       0.00      0.00      0.00       434
           6       0.00      0.00      0.00       657
           7       0.00      0.00      0.00        25
           8       0.00      0.00      0.00       430
           9       0.00      0.00      0.00        18
          10       0.00      0.00      0.00       874
          11       0.24      1.00      0.39      2209
          12       0.00      0.00      0.00       533
          13       0.00      0.00      0.00       184
          14       0.00      0.00      0.00      1138
          15       0.00      0.00      0.00       347
          16       0.00      0.00      0.00        83

   micro avg       0.24      0.24      0.24      9218
   macro avg       0.01      0.06      0.02      9218
weighted avg       0.06      0.24      0.09      9218

confusion_matrix : 
[[   0    0    0    0    0    0    0    0    0    0   41    0    0    0
     0    0]
 [   0    0    0    0    0    0    0    0    0    0 1285    0    0    0
     0    0]
 [   0    0    0    0    0    0    0    0    0    0  747    0    0    0
     0    0]
 [   0    0    0    0    0    0    0    0    0    0  213    0    0    0
     0    0]
 [   0    0    0    0    0    0    0    0    0    0  434    0    0    0
     0    0]
 [   0    0    0    0    0    0    0    0    0    0  657    0    0    0
     0    0]
 [   0    0    0    0    0    0    0    0    0    0   25    0    0    0
     0    0]
 [   0    0    0    0    0    0    0    0    0    0  430    0    0    0
     0    0]
 [   0    0    0    0    0    0    0    0    0    0   18    0    0    0
     0    0]
 [   0    0    0    0    0    0    0    0    0    0  874    0    0    0
     0    0]
 [   0    0    0    0    0    0    0    0    0    0 2209    0    0    0
     0    0]
 [   0    0    0    0    0    0    0    0    0    0  533    0    0    0
     0    0]
 [   0    0    0    0    0    0    0    0    0    0  184    0    0    0
     0    0]
 [   0    0    0    0    0    0    0    0    0    0 1138    0    0    0
     0    0]
 [   0    0    0    0    0    0    0    0    0    0  347    0    0    0
     0    0]
 [   0    0    0    0    0    0    0    0    0    0   83    0    0    0
     0    0]]
acc_for_each_class : 
[ 0.          0.          0.          0.          0.          0.          0.
  0.          0.          0.          0.23963984  0.          0.          0.
  0.          0.        ]
average_accuracy_row: 0.062500
average_accuracy_col: 0.014977
overall_accuracy: 0.239640
kappa coefficient: 0.000000
[train acc : 1.000000--test acc : 0.239640]

result with 0.100 training samples each class: 

param_c: 2048.000000--param_gamma: 8.000000
classify_report : 
              precision    recall  f1-score   support

           1       0.68      0.37      0.48        41
           2       0.77      0.78      0.77      1285
           3       0.71      0.69      0.70       747
           4       0.55      0.51      0.53       213
           5       0.90      0.93      0.92       434
           6       0.92      0.94      0.93       657
           7       0.81      0.84      0.82        25
           8       0.93      0.98      0.95       430
           9       0.35      0.33      0.34        18
          10       0.73      0.70      0.72       874
          11       0.80      0.82      0.81      2209
          12       0.79      0.75      0.77       533
          13       0.93      0.93      0.93       184
          14       0.92      0.93      0.92      1138
          15       0.59      0.52      0.55       347
          16       0.96      0.98      0.97        83

   micro avg       0.81      0.81      0.81      9218
   macro avg       0.77      0.75      0.76      9218
weighted avg       0.80      0.81      0.80      9218

confusion_matrix : 
[[  15    0    0    1    1    0    0   24    0    0    0    0    0    0
     0    0]
 [   0 1002   43   21    2    2    0    0    0   56  137   21    0    0
     1    0]
 [   0   48  518   23    0    1    0    0    0   11  131   15    0    0
     0    0]
 [   0   49   34  108    0    2    0    1    0    2   12    3    0    0
     2    0]
 [   0    1    0    6  405    3    2    2    0    2    5    5    0    2
     1    0]
 [   0    1    0    1    4  617    0    0    0    1    0    0    0    1
    32    0]
 [   0    0    0    0    1    0   21    3    0    0    0    0    0    0
     0    0]
 [   7    0    0    0    1    0    0  422    0    0    0    0    0    0
     0    0]
 [   0    0    0    0    0    9    0    0    6    0    0    0    0    0
     3    0]
 [   0   70   20    1    0    4    2    0    0  612  135   30    0    0
     0    0]
 [   0  118   81   15    8    5    1    2    0  124 1820   29    0    0
     6    0]
 [   0   12   30   19    0    0    0    0    0   27   43  400    0    0
     1    1]
 [   0    0    0    0    0    0    0    0    1    0    1    0  172    0
    10    0]
 [   0    0    0    0   12    2    0    0    0    0    0    0    1 1053
    70    0]
 [   0    0    3    0   15   28    0    0   10    2    1    4   12   89
   181    2]
 [   0    1    0    0    0    0    0    0    0    0    0    1    0    0
     0   81]]
acc_for_each_class : 
[ 0.68181818  0.76958525  0.71056241  0.55384615  0.90200445  0.91679049
  0.80769231  0.92951542  0.35294118  0.7311828   0.79649891  0.78740157
  0.92972973  0.91965066  0.58957655  0.96428571]
average_accuracy_row: 0.750334
average_accuracy_col: 0.771443
overall_accuracy: 0.806357
kappa coefficient: 0.778776
[train acc : 0.975752--test acc : 0.806357]

result with 0.100 training samples each class: 

param_c: 100.000000--param_gamma: 100.000000
classify_report : 
              precision    recall  f1-score   support

           1       0.71      0.66      0.68        41
           2       0.72      0.79      0.75      1285
           3       0.77      0.73      0.75       747
           4       0.60      0.50      0.55       213
           5       0.90      0.94      0.92       434
           6       0.91      0.96      0.93       657
           7       0.60      0.72      0.65        25
           8       0.97      0.97      0.97       430
           9       0.43      0.17      0.24        18
          10       0.72      0.78      0.75       874
          11       0.83      0.80      0.82      2209
          12       0.83      0.69      0.75       533
          13       0.89      0.91      0.90       184
          14       0.91      0.97      0.94      1138
          15       0.68      0.48      0.57       347
          16       0.99      0.94      0.96        83

   micro avg       0.81      0.81      0.81      9218
   macro avg       0.78      0.75      0.76      9218
weighted avg       0.81      0.81      0.81      9218

confusion_matrix : 
[[  27    0    0    0    2    0    0   11    0    1    0    0    0    0
     0    0]
 [   0 1014   33   15    3    2    0    0    0   61  136   20    1    0
     0    0]
 [   0   61  549   20    0    1    0    0    0    8   99    9    0    0
     0    0]
 [   0   45   27  107    1   13    1    1    0   12    3    3    0    0
     0    0]
 [   0    1    0    3  407    1    4    0    0    2    2    5    0    5
     4    0]
 [   0    0    0    2    3  628    0    0    0    1    0    0    0    1
    22    0]
 [   0    0    0    0    1    0   18    2    0    4    0    0    0    0
     0    0]
 [  11    0    0    0    3    0    1  415    0    0    0    0    0    0
     0    0]
 [   0    0    0    0    0    8    0    0    3    0    2    0    0    0
     5    0]
 [   0   72   17    2    0    5    4    0    0  681   78   15    0    0
     0    0]
 [   0  149   68   17   16    1    2    0    0  149 1776   23    0    0
     8    0]
 [   0   62   22   11    2    0    0    0    0   24   44  366    0    0
     1    1]
 [   0    0    0    0    0    0    0    0    2    1    0    0  167    0
    14    0]
 [   0    0    0    0    4    3    0    0    0    0    0    0    2 1106
    23    0]
 [   0    1    1    1   12   31    0    0    2    5    5    1   17  104
   167    0]
 [   0    2    0    0    0    0    0    0    0    1    2    0    0    0
     0   78]]
acc_for_each_class : 
[ 0.71052632  0.7206823   0.76569038  0.6011236   0.89647577  0.90620491
  0.6         0.96736597  0.42857143  0.71684211  0.82720075  0.8280543
  0.89304813  0.90953947  0.68442623  0.98734177]
average_accuracy_row: 0.750045
average_accuracy_col: 0.777693
overall_accuracy: 0.814602
kappa coefficient: 0.788352
[train acc : 0.989331--test acc : 0.814602]
